1 263 2 76 0 268 2
1 293 1 290 3 404 2
1 199 0 49 3 495 3
0 179 1 458 0 308 0
0 152 1 395 1 191 2
1 247 2 56 1 441 1
0 438 1 275 3 221 3
1 104 2 492 3 234 1
1 309 3 399 2 53 2
1 487 0 373 0 311 2
0 115 0 485 3 218 2
1 403 1 47 2 171 0
0 98 1 100 2 46 0
1 462 2 348 0 103 3
1 382 1 117 0 457 1
1 491 1 326 0 346 2
0 0 2 148 1 219 0
0 298 2 458 3 65 0
1 182 3 31 1 270 1
0 363 1 122 0 209 0
1 111 3 339 1 368 1
1 75 3 4 3 249 2
0 134 0 134 0 485 0
1 278 3 170 2 482 1
1 398 0 316 3 99 2
0 347 2 366 1 155 1
0 396 3 261 2 316 0
0 369 2 25 0 90 3
1 292 1 20 3 180 1
1 335 3 3 2 62 1
1 263 2 76 0 268 2
1 293 1 290 3 404 2
1 199 0 49 3 495 3
0 179 1 458 0 308 0
0 152 1 395 1 191 2
1 247 2 56 1 441 1
0 438 1 275 3 221 3
1 104 2 492 3 234 1
1 309 3 399 2 53 2
1 487 0 373 0 311 2
1 263 2 76 0 268 2
1 293 1 290 3 404 2
1 199 0 49 3 495 3
0 179 1 458 0 308 0
0 152 1 395 1 191 2
1 247 2 56 1 441 1
0 438 1 275 3 221 3
1 104 2 492 3 234 1
1 309 3 399 2 53 2
1 487 0 373 0 311 2
1 263 2 76 0 268 2
1 293 1 290 3 404 2
1 199 0 49 3 495 3
0 179 1 458 0 308 0
0 152 1 395 1 191 2
1 247 2 56 1 441 1
0 438 1 275 3 221 3
1 104 2 492 3 234 1
1 309 3 399 2 53 2
1 487 0 373 0 311 2
1 263 2 76 0 268 2
1 293 1 290 3 404 2
1 199 0 49 3 495 3
0 179 1 458 0 308 0
0 152 1 395 1 191 2
1 247 2 56 1 441 1
0 438 1 275 3 221 3
1 104 2 492 3 234 1
1 309 3 399 2 53 2
1 487 0 373 0 311 2
1 263 2 76 0 268 2
1 293 1 290 3 404 2
1 199 0 49 3 495 3
0 179 1 458 0 308 0
0 152 1 395 1 191 2
1 247 2 56 1 441 1
0 438 1 275 3 221 3
1 104 2 492 3 234 1
1 309 3 399 2 53 2
1 487 0 373 0 311 2
1 263 2 76 0 268 2
1 293 1 290 3 404 2
1 199 0 49 3 495 3
0 179 1 458 0 308 0
0 152 1 395 1 191 2
1 247 2 56 1 441 1
0 438 1 275 3 221 3
1 104 2 492 3 234 1
1 309 3 399 2 53 2
1 487 0 373 0 311 2
1 263 2 76 0 268 2
1 293 1 290 3 404 2
1 199 0 49 3 495 3
0 179 1 458 0 308 0
0 152 1 395 1 191 2
1 247 2 56 1 441 1
0 438 1 275 3 221 3
1 104 2 492 3 234 1
1 309 3 399 2 53 2
1 487 0 373 0 311 2
1 263 0 137 1 435 3
0 432 2 43 1 397 3
0 137 2 273 3 337 1
0 92 2 346 3 379 0
1 143 2 130 3 366 3
1 129 1 459 2 251 1
1 401 3 125 3 236 1
1 18 1 88 3 492 3
1 94 3 74 1 381 3
0 487 0 464 2 6 3
1 263 2 76 0 268 2
1 293 1 290 3 404 2
1 199 0 49 3 495 3
0 179 1 458 0 308 0
0 152 1 395 1 191 2
1 247 2 56 1 441 1
0 438 1 275 3 221 3
1 104 2 492 3 234 1
1 309 3 399 2 53 2
1 487 0 373 0 311 2
1 263 2 76 0 268 2
1 293 1 290 3 404 2
1 199 0 49 3 495 3
0 179 1 458 0 308 0
0 152 1 395 1 191 2
1 247 2 56 1 441 1
0 438 1 275 3 221 3
1 104 2 492 3 234 1
1 309 3 399 2 53 2
1 487 0 373 0 311 2
1 263 2 76 0 268 2
1 293 1 290 3 404 2
1 199 0 49 3 495 3
0 179 1 458 0 308 0
0 152 1 395 1 191 2
1 247 2 56 1 441 1
0 438 1 275 3 221 3
1 104 2 492 3 234 1
1 309 3 399 2 53 2
1 487 0 373 0 311 2
1 263 2 76 0 268 2
1 293 1 290 3 404 2
1 199 0 49 3 495 3
0 179 1 458 0 308 0
0 152 1 395 1 191 2
1 247 2 56 1 441 1
0 438 1 275 3 221 3
1 104 2 492 3 234 1
1 309 3 399 2 53 2
1 487 0 373 0 311 2
1 244 0 36 0 170 3
1 335 0 475 2 430 3
1 27 3 368 1 246 2
0 50 0 337 0 498 0
1 423 0 311 2 102 2
0 442 3 94 1 308 2
0 466 1 63 1 106 0
0 343 2 154 2 413 0
1 214 0 494 3 482 1
1 426 3 465 1 169 1
1 411 2 329 1 432 1
1 274 0 188 0 30 2
1 261 2 61 2 9 1
0 381 3 75 1 224 0
0 472 3 12 2 246 0
0 249 1 444 1 183 1
1 127 2 33 0 349 1
1 158 1 294 0 377 3
0 203 2 188 0 291 0
0 16 1 204 0 469 3
1 263 2 76 0 268 2
1 293 1 290 3 404 2
1 199 0 49 3 495 3
0 179 1 458 0 308 0
0 152 1 395 1 191 2
1 247 2 56 1 441 1
0 438 1 275 3 221 3
1 104 2 492 3 234 1
1 309 3 399 2 53 2
1 487 0 373 0 311 2
1 263 2 76 0 268 2
1 293 1 290 3 404 2
1 199 0 49 3 495 3
0 179 1 458 0 308 0
0 152 1 395 1 191 2
1 247 2 56 1 441 1
0 438 1 275 3 221 3
1 104 2 492 3 234 1
1 309 3 399 2 53 2
1 487 0 373 0 311 2
1 263 2 76 0 268 2
1 293 1 290 3 404 2
1 199 0 49 3 495 3
0 179 1 458 0 308 0
0 152 1 395 1 191 2
1 247 2 56 1 441 1
0 438 1 275 3 221 3
1 104 2 492 3 234 1
1 309 3 399 2 53 2
1 487 0 373 0 311 2
0 193 0 81 1 318 0
1 34 1 327 2 375 3
0 141 3 134 0 80 2
0 67 2 490 2 140 2
0 352 0 23 2 216 2
0 94 1 470 1 481 2
1 430 0 443 2 495 3
1 75 0 97 3 343 1
0 166 2 312 1 445 2
1 181 1 240 3 397 3
1 263 2 76 0 268 2
1 293 1 290 3 404 2
1 199 0 49 3 495 3
0 179 1 458 0 308 0
0 152 1 395 1 191 2
1 247 2 56 1 441 1
0 438 1 275 3 221 3
1 104 2 492 3 234 1
1 309 3 399 2 53 2
1 487 0 373 0 311 2
1 263 2 76 0 268 2
1 293 1 290 3 404 2
1 199 0 49 3 495 3
0 179 1 458 0 308 0
0 152 1 395 1 191 2
1 247 2 56 1 441 1
0 438 1 275 3 221 3
1 104 2 492 3 234 1
1 309 3 399 2 53 2
1 487 0 373 0 311 2
1 263 2 76 0 268 2
1 293 1 290 3 404 2
1 199 0 49 3 495 3
0 179 1 458 0 308 0
0 152 1 395 1 191 2
1 247 2 56 1 441 1
0 438 1 275 3 221 3
1 104 2 492 3 234 1
1 309 3 399 2 53 2
1 487 0 373 0 311 2
1 213 3 387 2 260 3
0 12 3 181 3 258 3
1 10 1 292 1 59 3
1 63 0 15 1 331 1
1 108 0 233 0 221 1
1 274 2 182 3 38 1
0 337 2 245 0 104 0
1 298 0 173 3 334 1
0 372 2 332 1 25 1
0 203 2 147 0 185 2
1 263 2 76 0 268 2
1 293 1 290 3 404 2
1 199 0 49 3 495 3
0 179 1 458 0 308 0
0 152 1 395 1 191 2
1 247 2 56 1 441 1
0 438 1 275 3 221 3
1 104 2 492 3 234 1
1 309 3 399 2 53 2
1 487 0 373 0 311 2
1 263 2 76 0 268 2
1 293 1 290 3 404 2
1 199 0 49 3 495 3
0 179 1 458 0 308 0
0 152 1 395 1 191 2
1 247 2 56 1 441 1
0 438 1 275 3 221 3
1 104 2 492 3 234 1
1 309 3 399 2 53 2
1 487 0 373 0 311 2
1 263 2 76 0 268 2
1 293 1 290 3 404 2
1 199 0 49 3 495 3
0 179 1 458 0 308 0
0 152 1 395 1 191 2
1 247 2 56 1 441 1
0 438 1 275 3 221 3
1 104 2 492 3 234 1
1 309 3 399 2 53 2
1 487 0 373 0 311 2
1 263 2 76 0 268 2
1 293 1 290 3 404 2
1 199 0 49 3 495 3
0 179 1 458 0 308 0
0 152 1 395 1 191 2
1 247 2 56 1 441 1
0 438 1 275 3 221 3
1 104 2 492 3 234 1
1 309 3 399 2 53 2
1 487 0 373 0 311 2
1 263 2 76 0 268 2
1 293 1 290 3 404 2
1 199 0 49 3 495 3
0 179 1 458 0 308 0
0 152 1 395 1 191 2
1 247 2 56 1 441 1
0 438 1 275 3 221 3
1 104 2 492 3 234 1
1 309 3 399 2 53 2
1 487 0 373 0 311 2
1 263 2 76 0 268 2
1 293 1 290 3 404 2
1 199 0 49 3 495 3
0 179 1 458 0 308 0
0 152 1 395 1 191 2
1 247 2 56 1 441 1
0 438 1 275 3 221 3
1 104 2 492 3 234 1
1 309 3 399 2 53 2
1 487 0 373 0 311 2
1 263 2 76 0 268 2
1 293 1 290 3 404 2
1 199 0 49 3 495 3
0 179 1 458 0 308 0
0 152 1 395 1 191 2
1 247 2 56 1 441 1
0 438 1 275 3 221 3
1 104 2 492 3 234 1
1 309 3 399 2 53 2
1 487 0 373 0 311 2
1 263 2 76 0 268 2
1 293 1 290 3 404 2
1 199 0 49 3 495 3
0 179 1 458 0 308 0
0 152 1 395 1 191 2
1 247 2 56 1 441 1
0 438 1 275 3 221 3
1 104 2 492 3 234 1
1 309 3 399 2 53 2
1 487 0 373 0 311 2
1 263 2 76 0 268 2
1 293 1 290 3 404 2
1 199 0 49 3 495 3
0 179 1 458 0 308 0
0 152 1 395 1 191 2
1 247 2 56 1 441 1
0 438 1 275 3 221 3
1 104 2 492 3 234 1
1 309 3 399 2 53 2
1 487 0 373 0 311 2
1 263 2 76 0 268 2
1 293 1 290 3 404 2
1 199 0 49 3 495 3
0 179 1 458 0 308 0
0 152 1 395 1 191 2
1 247 2 56 1 441 1
0 438 1 275 3 221 3
1 104 2 492 3 234 1
1 309 3 399 2 53 2
1 487 0 373 0 311 2
1 263 2 76 0 268 2
1 293 1 290 3 404 2
1 199 0 49 3 495 3
0 179 1 458 0 308 0
0 152 1 395 1 191 2
1 247 2 56 1 441 1
0 438 1 275 3 221 3
1 104 2 492 3 234 1
1 309 3 399 2 53 2
1 487 0 373 0 311 2
1 263 2 76 0 268 2
1 293 1 290 3 404 2
1 199 0 49 3 495 3
0 179 1 458 0 308 0
0 152 1 395 1 191 2
1 247 2 56 1 441 1
0 438 1 275 3 221 3
1 104 2 492 3 234 1
1 309 3 399 2 53 2
1 487 0 373 0 311 2
1 263 2 76 0 268 2
1 293 1 290 3 404 2
1 199 0 49 3 495 3
0 179 1 458 0 308 0
0 152 1 395 1 191 2
1 247 2 56 1 441 1
0 438 1 275 3 221 3
1 104 2 492 3 234 1
1 309 3 399 2 53 2
1 487 0 373 0 311 2
0 279 0 382 1 362 2
0 35 2 261 2 455 2
1 312 1 103 0 372 3
1 396 0 249 3 171 2
1 223 3 426 3 333 1
0 364 2 342 2 102 0
1 313 0 412 2 194 1
1 163 3 150 1 59 3
1 451 0 18 3 170 2
0 349 1 25 1 357 0
1 263 2 76 0 268 2
1 293 1 290 3 404 2
1 199 0 49 3 495 3
0 179 1 458 0 308 0
0 152 1 395 1 191 2
1 247 2 56 1 441 1
0 438 1 275 3 221 3
1 104 2 492 3 234 1
1 309 3 399 2 53 2
1 487 0 373 0 311 2
1 263 2 76 0 268 2
1 293 1 290 3 404 2
1 199 0 49 3 495 3
0 179 1 458 0 308 0
0 152 1 395 1 191 2
1 247 2 56 1 441 1
0 438 1 275 3 221 3
1 104 2 492 3 234 1
1 309 3 399 2 53 2
1 487 0 373 0 311 2
1 263 2 76 0 268 2
1 293 1 290 3 404 2
1 199 0 49 3 495 3
0 179 1 458 0 308 0
0 152 1 395 1 191 2
1 247 2 56 1 441 1
0 438 1 275 3 221 3
1 104 2 492 3 234 1
1 309 3 399 2 53 2
1 487 0 373 0 311 2
1 263 2 76 0 268 2
1 293 1 290 3 404 2
1 199 0 49 3 495 3
0 179 1 458 0 308 0
0 152 1 395 1 191 2
1 247 2 56 1 441 1
0 438 1 275 3 221 3
1 104 2 492 3 234 1
1 309 3 399 2 53 2
1 487 0 373 0 311 2
1 263 2 76 0 268 2
1 293 1 290 3 404 2
1 199 0 49 3 495 3
0 179 1 458 0 308 0
0 152 1 395 1 191 2
1 247 2 56 1 441 1
0 438 1 275 3 221 3
1 104 2 492 3 234 1
1 309 3 399 2 53 2
1 487 0 373 0 311 2
1 263 2 76 0 268 2
1 293 1 290 3 404 2
1 199 0 49 3 495 3
0 179 1 458 0 308 0
0 152 1 395 1 191 2
1 247 2 56 1 441 1
0 438 1 275 3 221 3
1 104 2 492 3 234 1
1 309 3 399 2 53 2
1 487 0 373 0 311 2
1 263 2 76 0 268 2
1 293 1 290 3 404 2
1 199 0 49 3 495 3
0 179 1 458 0 308 0
0 152 1 395 1 191 2
1 247 2 56 1 441 1
0 438 1 275 3 221 3
1 104 2 492 3 234 1
1 309 3 399 2 53 2
1 487 0 373 0 311 2
1 263 2 76 0 268 2
1 293 1 290 3 404 2
1 199 0 49 3 495 3
0 179 1 458 0 308 0
0 152 1 395 1 191 2
1 247 2 56 1 441 1
0 438 1 275 3 221 3
1 104 2 492 3 234 1
1 309 3 399 2 53 2
1 487 0 373 0 311 2
1 263 2 76 0 268 2
1 293 1 290 3 404 2
1 199 0 49 3 495 3
0 179 1 458 0 308 0
0 152 1 395 1 191 2
1 247 2 56 1 441 1
0 438 1 275 3 221 3
1 104 2 492 3 234 1
1 309 3 399 2 53 2
1 487 0 373 0 311 2
1 263 2 76 0 268 2
1 293 1 290 3 404 2
1 199 0 49 3 495 3
0 179 1 458 0 308 0
0 152 1 395 1 191 2
1 247 2 56 1 441 1
0 438 1 275 3 221 3
1 104 2 492 3 234 1
1 309 3 399 2 53 2
1 487 0 373 0 311 2
1 263 2 76 0 268 2
1 293 1 290 3 404 2
1 199 0 49 3 495 3
0 179 1 458 0 308 0
0 152 1 395 1 191 2
1 247 2 56 1 441 1
0 438 1 275 3 221 3
1 104 2 492 3 234 1
1 309 3 399 2 53 2
1 487 0 373 0 311 2
1 263 2 76 0 268 2
1 293 1 290 3 404 2
1 199 0 49 3 495 3
0 179 1 458 0 308 0
0 152 1 395 1 191 2
1 247 2 56 1 441 1
0 438 1 275 3 221 3
1 104 2 492 3 234 1
1 309 3 399 2 53 2
1 487 0 373 0 311 2
1 263 2 76 0 268 2
1 293 1 290 3 404 2
1 199 0 49 3 495 3
0 179 1 458 0 308 0
0 152 1 395 1 191 2
1 247 2 56 1 441 1
0 438 1 275 3 221 3
1 104 2 492 3 234 1
1 309 3 399 2 53 2
1 487 0 373 0 311 2
1 263 2 76 0 268 2
1 293 1 290 3 404 2
1 199 0 49 3 495 3
0 179 1 458 0 308 0
0 152 1 395 1 191 2
1 247 2 56 1 441 1
0 438 1 275 3 221 3
1 104 2 492 3 234 1
1 309 3 399 2 53 2
1 487 0 373 0 311 2
1 263 2 76 0 268 2
1 293 1 290 3 404 2
1 199 0 49 3 495 3
0 179 1 458 0 308 0
0 152 1 395 1 191 2
1 247 2 56 1 441 1
0 438 1 275 3 221 3
1 104 2 492 3 234 1
1 309 3 399 2 53 2
1 487 0 373 0 311 2
1 263 2 76 0 268 2
1 293 1 290 3 404 2
1 199 0 49 3 495 3
0 179 1 458 0 308 0
0 152 1 395 1 191 2
1 247 2 56 1 441 1
0 438 1 275 3 221 3
1 104 2 492 3 234 1
1 309 3 399 2 53 2
1 487 0 373 0 311 2
1 263 2 76 0 268 2
1 293 1 290 3 404 2
1 199 0 49 3 495 3
0 179 1 458 0 308 0
0 152 1 395 1 191 2
1 247 2 56 1 441 1
0 438 1 275 3 221 3
1 104 2 492 3 234 1
1 309 3 399 2 53 2
1 487 0 373 0 311 2
1 263 2 76 0 268 2
1 293 1 290 3 404 2
1 199 0 49 3 495 3
0 179 1 458 0 308 0
0 152 1 395 1 191 2
1 247 2 56 1 441 1
0 438 1 275 3 221 3
1 104 2 492 3 234 1
1 309 3 399 2 53 2
1 487 0 373 0 311 2
1 263 2 76 0 268 2
1 293 1 290 3 404 2
1 199 0 49 3 495 3
0 179 1 458 0 308 0
0 152 1 395 1 191 2
1 247 2 56 1 441 1
0 438 1 275 3 221 3
1 104 2 492 3 234 1
1 309 3 399 2 53 2
1 487 0 373 0 311 2
1 263 2 76 0 268 2
1 293 1 290 3 404 2
1 199 0 49 3 495 3
0 179 1 458 0 308 0
0 152 1 395 1 191 2
1 247 2 56 1 441 1
0 438 1 275 3 221 3
1 104 2 492 3 234 1
1 309 3 399 2 53 2
1 487 0 373 0 311 2
1 263 2 76 0 268 2
1 293 1 290 3 404 2
1 199 0 49 3 495 3
0 179 1 458 0 308 0
0 152 1 395 1 191 2
1 247 2 56 1 441 1
0 438 1 275 3 221 3
1 104 2 492 3 234 1
1 309 3 399 2 53 2
1 487 0 373 0 311 2
0 5 3 17 2 317 0
1 172 1 206 0 70 3
1 143 3 472 1 59 3
1 64 3 308 3 427 2
0 404 0 244 3 307 3
0 134 0 156 2 420 1
0 419 0 106 1 488 3
1 273 2 259 3 66 3
0 194 2 313 2 340 0
1 356 0 385 2 272 0
1 263 2 76 0 268 2
1 293 1 290 3 404 2
1 199 0 49 3 495 3
0 179 1 458 0 308 0
0 152 1 395 1 191 2
1 247 2 56 1 441 1
0 438 1 275 3 221 3
1 104 2 492 3 234 1
1 309 3 399 2 53 2
1 487 0 373 0 311 2
1 263 2 76 0 268 2
1 293 1 290 3 404 2
1 199 0 49 3 495 3
0 179 1 458 0 308 0
0 152 1 395 1 191 2
1 247 2 56 1 441 1
0 438 1 275 3 221 3
1 104 2 492 3 234 1
1 309 3 399 2 53 2
1 487 0 373 0 311 2
1 263 2 76 0 268 2
1 293 1 290 3 404 2
1 199 0 49 3 495 3
0 179 1 458 0 308 0
0 152 1 395 1 191 2
1 247 2 56 1 441 1
0 438 1 275 3 221 3
1 104 2 492 3 234 1
1 309 3 399 2 53 2
1 487 0 373 0 311 2
1 263 2 76 0 268 2
1 293 1 290 3 404 2
1 199 0 49 3 495 3
0 179 1 458 0 308 0
0 152 1 395 1 191 2
1 247 2 56 1 441 1
0 438 1 275 3 221 3
1 104 2 492 3 234 1
1 309 3 399 2 53 2
1 487 0 373 0 311 2
1 263 2 76 0 268 2
1 293 1 290 3 404 2
1 199 0 49 3 495 3
0 179 1 458 0 308 0
0 152 1 395 1 191 2
1 247 2 56 1 441 1
0 438 1 275 3 221 3
1 104 2 492 3 234 1
1 309 3 399 2 53 2
1 487 0 373 0 311 2
1 263 2 76 0 268 2
1 293 1 290 3 404 2
1 199 0 49 3 495 3
0 179 1 458 0 308 0
0 152 1 395 1 191 2
1 247 2 56 1 441 1
0 438 1 275 3 221 3
1 104 2 492 3 234 1
1 309 3 399 2 53 2
1 487 0 373 0 311 2
1 263 2 76 0 268 2
1 293 1 290 3 404 2
1 199 0 49 3 495 3
0 179 1 458 0 308 0
0 152 1 395 1 191 2
1 247 2 56 1 441 1
0 438 1 275 3 221 3
1 104 2 492 3 234 1
1 309 3 399 2 53 2
1 487 0 373 0 311 2
1 119 2 191 3 347 1
1 358 3 27 1 436 1
0 371 3 125 3 235 3
1 396 3 259 1 58 0
1 198 3 271 1 95 3
1 198 1 186 2 356 1
0 256 2 64 3 116 0
1 496 1 263 2 426 0
1 309 3 284 3 429 3
1 372 0 406 0 279 1
1 263 2 76 0 268 2
1 293 1 290 3 404 2
1 199 0 49 3 495 3
0 179 1 458 0 308 0
0 152 1 395 1 191 2
1 247 2 56 1 441 1
0 438 1 275 3 221 3
1 104 2 492 3 234 1
1 309 3 399 2 53 2
1 487 0 373 0 311 2
1 263 2 76 0 268 2
1 293 1 290 3 404 2
1 199 0 49 3 495 3
0 179 1 458 0 308 0
0 152 1 395 1 191 2
1 247 2 56 1 441 1
0 438 1 275 3 221 3
1 104 2 492 3 234 1
1 309 3 399 2 53 2
1 487 0 373 0 311 2
1 263 2 76 0 268 2
1 293 1 290 3 404 2
1 199 0 49 3 495 3
0 179 1 458 0 308 0
0 152 1 395 1 191 2
1 247 2 56 1 441 1
0 438 1 275 3 221 3
1 104 2 492 3 234 1
1 309 3 399 2 53 2
1 487 0 373 0 311 2
1 263 2 76 0 268 2
1 293 1 290 3 404 2
1 199 0 49 3 495 3
0 179 1 458 0 308 0
0 152 1 395 1 191 2
1 247 2 56 1 441 1
0 438 1 275 3 221 3
1 104 2 492 3 234 1
1 309 3 399 2 53 2
1 487 0 373 0 311 2
1 263 2 76 0 268 2
1 293 1 290 3 404 2
1 199 0 49 3 495 3
0 179 1 458 0 308 0
0 152 1 395 1 191 2
1 247 2 56 1 441 1
0 438 1 275 3 221 3
1 104 2 492 3 234 1
1 309 3 399 2 53 2
1 487 0 373 0 311 2
1 263 2 76 0 268 2
1 293 1 290 3 404 2
1 199 0 49 3 495 3
0 179 1 458 0 308 0
0 152 1 395 1 191 2
1 247 2 56 1 441 1
0 438 1 275 3 221 3
1 104 2 492 3 234 1
1 309 3 399 2 53 2
1 487 0 373 0 311 2
1 263 2 76 0 268 2
1 293 1 290 3 404 2
1 199 0 49 3 495 3
0 179 1 458 0 308 0
0 152 1 395 1 191 2
1 247 2 56 1 441 1
0 438 1 275 3 221 3
1 104 2 492 3 234 1
1 309 3 399 2 53 2
1 487 0 373 0 311 2
1 263 2 76 0 268 2
1 293 1 290 3 404 2
1 199 0 49 3 495 3
0 179 1 458 0 308 0
0 152 1 395 1 191 2
1 247 2 56 1 441 1
0 438 1 275 3 221 3
1 104 2 492 3 234 1
1 309 3 399 2 53 2
1 487 0 373 0 311 2
1 263 2 76 0 268 2
1 293 1 290 3 404 2
1 199 0 49 3 495 3
0 179 1 458 0 308 0
0 152 1 395 1 191 2
1 247 2 56 1 441 1
0 438 1 275 3 221 3
1 104 2 492 3 234 1
1 309 3 399 2 53 2
1 487 0 373 0 311 2
1 263 2 76 0 268 2
1 293 1 290 3 404 2
1 199 0 49 3 495 3
0 179 1 458 0 308 0
0 152 1 395 1 191 2
1 247 2 56 1 441 1
0 438 1 275 3 221 3
1 104 2 492 3 234 1
1 309 3 399 2 53 2
1 487 0 373 0 311 2
1 263 2 76 0 268 2
1 293 1 290 3 404 2
1 199 0 49 3 495 3
0 179 1 458 0 308 0
0 152 1 395 1 191 2
1 247 2 56 1 441 1
0 438 1 275 3 221 3
1 104 2 492 3 234 1
1 309 3 399 2 53 2
1 487 0 373 0 311 2
1 263 2 76 0 268 2
1 293 1 290 3 404 2
1 199 0 49 3 495 3
0 179 1 458 0 308 0
0 152 1 395 1 191 2
1 247 2 56 1 441 1
0 438 1 275 3 221 3
1 104 2 492 3 234 1
1 309 3 399 2 53 2
1 487 0 373 0 311 2
1 263 2 76 0 268 2
1 293 1 290 3 404 2
1 199 0 49 3 495 3
0 179 1 458 0 308 0
0 152 1 395 1 191 2
1 247 2 56 1 441 1
0 438 1 275 3 221 3
1 104 2 492 3 234 1
1 309 3 399 2 53 2
1 487 0 373 0 311 2
1 263 2 76 0 268 2
1 293 1 290 3 404 2
1 199 0 49 3 495 3
0 179 1 458 0 308 0
0 152 1 395 1 191 2
1 247 2 56 1 441 1
0 438 1 275 3 221 3
1 104 2 492 3 234 1
1 309 3 399 2 53 2
1 487 0 373 0 311 2
1 263 2 76 0 268 2
1 293 1 290 3 404 2
1 199 0 49 3 495 3
0 179 1 458 0 308 0
0 152 1 395 1 191 2
1 247 2 56 1 441 1
0 438 1 275 3 221 3
1 104 2 492 3 234 1
1 309 3 399 2 53 2
1 487 0 373 0 311 2
1 263 2 76 0 268 2
1 293 1 290 3 404 2
1 199 0 49 3 495 3
0 179 1 458 0 308 0
0 152 1 395 1 191 2
1 247 2 56 1 441 1
0 438 1 275 3 221 3
1 104 2 492 3 234 1
1 309 3 399 2 53 2
1 487 0 373 0 311 2
1 263 2 76 0 268 2
1 293 1 290 3 404 2
1 199 0 49 3 495 3
0 179 1 458 0 308 0
0 152 1 395 1 191 2
1 247 2 56 1 441 1
0 438 1 275 3 221 3
1 104 2 492 3 234 1
1 309 3 399 2 53 2
1 487 0 373 0 311 2
1 263 2 76 0 268 2
1 293 1 290 3 404 2
1 199 0 49 3 495 3
0 179 1 458 0 308 0
0 152 1 395 1 191 2
1 247 2 56 1 441 1
0 438 1 275 3 221 3
1 104 2 492 3 234 1
1 309 3 399 2 53 2
1 487 0 373 0 311 2
1 263 2 76 0 268 2
1 293 1 290 3 404 2
1 199 0 49 3 495 3
0 179 1 458 0 308 0
0 152 1 395 1 191 2
1 247 2 56 1 441 1
0 438 1 275 3 221 3
1 104 2 492 3 234 1
1 309 3 399 2 53 2
1 487 0 373 0 311 2
1 263 2 76 0 268 2
1 293 1 290 3 404 2
1 199 0 49 3 495 3
0 179 1 458 0 308 0
0 152 1 395 1 191 2
1 247 2 56 1 441 1
0 438 1 275 3 221 3
1 104 2 492 3 234 1
1 309 3 399 2 53 2
1 487 0 373 0 311 2
1 263 2 76 0 268 2
1 293 1 290 3 404 2
1 199 0 49 3 495 3
0 179 1 458 0 308 0
0 152 1 395 1 191 2
1 247 2 56 1 441 1
0 438 1 275 3 221 3
1 104 2 492 3 234 1
1 309 3 399 2 53 2
1 487 0 373 0 311 2
1 263 2 76 0 268 2
1 293 1 290 3 404 2
1 199 0 49 3 495 3
0 179 1 458 0 308 0
0 152 1 395 1 191 2
1 247 2 56 1 441 1
0 438 1 275 3 221 3
1 104 2 492 3 234 1
1 309 3 399 2 53 2
1 487 0 373 0 311 2
1 263 2 76 0 268 2
1 293 1 290 3 404 2
1 199 0 49 3 495 3
0 179 1 458 0 308 0
0 152 1 395 1 191 2
1 247 2 56 1 441 1
0 438 1 275 3 221 3
1 104 2 492 3 234 1
1 309 3 399 2 53 2
1 487 0 373 0 311 2
1 263 2 76 0 268 2
1 293 1 290 3 404 2
1 199 0 49 3 495 3
0 179 1 458 0 308 0
0 152 1 395 1 191 2
1 247 2 56 1 441 1
0 438 1 275 3 221 3
1 104 2 492 3 234 1
1 309 3 399 2 53 2
1 487 0 373 0 311 2
1 263 2 76 0 268 2
1 293 1 290 3 404 2
1 199 0 49 3 495 3
0 179 1 458 0 308 0
0 152 1 395 1 191 2
1 247 2 56 1 441 1
0 438 1 275 3 221 3
1 104 2 492 3 234 1
1 309 3 399 2 53 2
1 487 0 373 0 311 2
1 263 2 76 0 268 2
1 293 1 290 3 404 2
1 199 0 49 3 495 3
0 179 1 458 0 308 0
0 152 1 395 1 191 2
1 247 2 56 1 441 1
0 438 1 275 3 221 3
1 104 2 492 3 234 1
1 309 3 399 2 53 2
1 487 0 373 0 311 2
1 263 2 76 0 268 2
1 293 1 290 3 404 2
1 199 0 49 3 495 3
0 179 1 458 0 308 0
0 152 1 395 1 191 2
1 247 2 56 1 441 1
0 438 1 275 3 221 3
1 104 2 492 3 234 1
1 309 3 399 2 53 2
1 487 0 373 0 311 2
1 263 2 76 0 268 2
1 293 1 290 3 404 2
1 199 0 49 3 495 3
0 179 1 458 0 308 0
0 152 1 395 1 191 2
1 247 2 56 1 441 1
0 438 1 275 3 221 3
1 104 2 492 3 234 1
1 309 3 399 2 53 2
1 487 0 373 0 311 2
1 263 2 76 0 268 2
1 293 1 290 3 404 2
1 199 0 49 3 495 3
0 179 1 458 0 308 0
0 152 1 395 1 191 2
1 247 2 56 1 441 1
0 438 1 275 3 221 3
1 104 2 492 3 234 1
1 309 3 399 2 53 2
1 487 0 373 0 311 2
1 263 2 76 0 268 2
1 293 1 290 3 404 2
1 199 0 49 3 495 3
0 179 1 458 0 308 0
0 152 1 395 1 191 2
1 247 2 56 1 441 1
0 438 1 275 3 221 3
1 104 2 492 3 234 1
1 309 3 399 2 53 2
1 487 0 373 0 311 2
1 263 2 76 0 268 2
1 293 1 290 3 404 2
1 199 0 49 3 495 3
0 179 1 458 0 308 0
0 152 1 395 1 191 2
1 247 2 56 1 441 1
0 438 1 275 3 221 3
1 104 2 492 3 234 1
1 309 3 399 2 53 2
-1 487 0 373 0 311 2
